1051698
1053170
1049306
1052250
1043556
1046937
1044177
1045304
1044499
1049467
1042981
1043004
1053929
1043832
1048501
1047351
1047558
1048731
1045994
1048892
1048409
1049513
1046983
1044729
1047972
1061450
1052181
1051629
1050249
1043602
1054251
1053078
1056091
1056183
1056114
1049191
1057448
1052480
1046500
1050042
1054527
1062554
1061841
1061565
1043786
1053423
1054113
1059886
1059449
1059518
1058184
1060599
1061519
1061588
1059173
1058736
1061381
1060737
1061358
1055723
1058529
1063152
1062715
1045236
1042315
1043419
1045259
1042154
1042959
1043373
1041763
1045351
1045926
1045696
1045006
1051331
1061612
1052665
1052458
1053631
1048571
1044178
1061313
1049284
1044408
1053792
1052688
1046984
1046363
1060945
1042177
1061129
1046409
1050503
1060255
1053723
1061267
1043511
1060209
1060071
1045558
1061359
1061014
1061589
1061681
1058116
1062417
1061037
1061083
1053585
1062371
1063153
1064280
1045122
1062832
1045651
1061475
1043995
1042983
1042500
1045260
1060647
1045789
1046778
1053172
1055794
1043052
1049009
1043535
1046594
1046548
1051723
1043696
1046433
1049400
1050803
1045835
1051332
1044662
1055518
1054391
1058554
1061383
1046617
1054414
1045904
1043972
1050136
1051309
1059014
1053678
1053517
1060164
1052413
1052183
1060854
1044018
1061199
1060808
1051263
1061337
1061843
1062602
1045191
1063062
1061613
1064304
1048573
1041374
1045560
1049976
1053587
1049493
1060809
1048113
1054070
1048734
1044295
1042501
1042271
1054415
1047400
1061568
1061407
1049654
1045928
1042478
1046825
1061108
1046802
1062442
1053748
1048159
1061522
1043605
1061867
1053702
1048527
1062120
1051011
1062603
1064236
1047124
1044871
1042663
1047194
1045354
1042640
1047217
1043675
1044618
1044526
1042686
1059982
1048183
1042433
1042456
1050920
1052852
1057429
1052944
1053059
1053657
1053749
1060810
1044434
1054163
1060948
1047033
1058625
1061086
1053634
1058579
1052599
1061822
1059660
1061638
1061684
1062328
1060166
1060442
1064513
1060856
1061018
1061409
1053612
1044389
1046919
1044872
1058442
1044987
1052853
1043147
1060880
1049840
1050162
1048782
1063065
1051450
1049357
1045309
1059822
1053451
1045148
1051197
1046597
1053382
1060213
1053635
1061087
1059017
1058626
1061455
1061570
1060949
1061731
1062168
1059753
1062375
1063249
1062973
1045632
1042090
1041906
1044275
1048277
1052049
1051911
1041929
1042895
1045517
1047748
1042159
1048829
1053245
1043585
1047679
1048231
1047242
1059938
1048530
1048645
1059248
1059202
1042550
1052394
1063066
1051635
1062376
1053613
1061617
1059501
1060789
1060214
1059961
1055108
1061594
1060881
1043723
1061410
1060835
1061456
1062652
1060513
1063710
1063296
1042068
1041585
1048761
1044989
1052809
1061549
1042528
1043586
1053568
1050187
1042505
1042712
1045702
1052395
1044299
1053752
1049106
1060744
1060583
1058513
1042896
1061158
1058329
1046507
1062124
1064240
1061848
1061503
1061342
1061112
1045035
1061917
1062331
1060974
1061388
1060813
1063159
1062998
1063550
1061595
1041356
1048187
1041678
1046623
1048923
1041793
1053017
1050556
1042460
1044139
1044783
1052327
1045128
1052925
1042391
1047980
1053040
1061044
1060032
1061113
1061435
1060837
1061274
1060975
1061067
1046255
1062217
1063160
1062769
1045750
1046555
1052811
1042415
1045658
1049338
1046164
1045129
1045428
1048901
1046348
1062310
1053731
1042645
1060217
1053156
1060930
1060953
1060700
1055778
1062264
1061574
1061804
1063138
1061367
1062724
1063506
1063483
1063713
1064104
1063759
1064311
1064334
1041312
1042002
1042301
1046924
1051731
1048948
1047798
1049040
1051225
1060724
1052973
1048281
1053456
1045130
1060839
1050995
1060977
1061138
1060770
1061598
1061483
1061782
1061644
1062541
1062196
1062127
1062978
1062909
1061897
1063852
1064427
1043820
1045798
1049593
1042946
1062542
1048374
1045936
1047385
1047776
1042210
1046511
1048121
1048397
1050076
1049018
1053273
1050628
1060679
1043130
1055987
1053595
1042141
1060794
1053434
1053549
1061461
1061162
1060840
1061116
1061714
1061576
1060748
1062105
1060955
1064014
1051319
1042510
1053297
1046558
1050997
1052975
1048720
1051135
1050721
1041935
1042556
1050215
1051066
1061508
1043476
1053757
1046535
1053504
1060772
1053619
1060818
1061324
1061554
1061692
1060795
1061945
1062083
1062497
1061899
1063279
1049272
1063118
1041476
1046191
1046444
1045202
1044328
1049963
1050193
1049250
1048905
1045110
1061049
1047893
1061509
1061463
1062153
1061256
1049043
1061900
1058542
1061325
1062107
1062314
1046629
1061625
1045571
1048883
1041684
1047848
1058520
1053483
1053782
1061510
1049090
1060567
1041546
1061832
1062108
1062844
1061855
1060820
1064316
1064178
1044836
1045066
1042996
1060913
1041823
1045250
1046492
1053691
1046653
1046170
1052587
1049275
1053047
1050678
1059441
1052518
1053806
1060959
1061350
1061442
1055646
1061879
1061281
1064248
1041915
1062385
1062730
1063006
1061005
1062408
1064133
1061143
1045090
1052841
1041019
1049184
1053761
1053485
1053646
1053002
1053784
1060799
1061374
1046907
1061489
1052956
1063260
1061259
1061443
1061581
1061880
1060937
1060868
1062432
1058499
1048080
1063076
1064341
1042768
1047207
1043987
1049921
1041894
1042929
1053601
1052865
1048472
1061122
1049139
1052589
1061398
1053854
1042906
1058385
1056131
1053555
1061444
1061053
1060800
1061306
1061720
1063100
1061145
1063146
1041826
1044885
1060985
1043413
1048841
1043390
1053648
1047116
1050336
1046909
1048772
1058179
1053556
1053717
1061054
1060847
1047852
1061905
1060755
1062020
1062986
1062296
1058271
1041896
1062458
1041758
1042057
1046795
1050866
1052039
1043644
1052936
1052246
1052867
1050636
1049095
1061101
1061262
1042885
1053488
1061722
1061814
1061860
1062113
1062205
1062573
1061377
1064183
1043392
1051120
1043231
1049142
1041920
1044496
1042794
1052638
1052868
1053972
1053719
1061217
1053075
1044289
1045209
1063264
1041277
1047211
1049189
1049097
1050822
1042726
1042841
1047993
1053536
1061701
1060781
1052915
1061609
1053559
1053789
1059217
1052823
1059608
1061448
1060942
1061839
1049143
1061816
1061425
1060873
1064461
1064300
1043992
1053767
1044222
1051513
1050524
1042336
1061242
1042405
1046085
1048408
1048937
1049029
1052594
1041922
1053353
1060805
1042359
1058597
1044176
1061656
1061311
1046867
1061357
1064094
1062162
1062300
1062208
1053468
1064554
