1042176
1043211
1045971
1044499
1052756
1043556
1053492
1044269
1042912
1042636
1052250
1052526
1044292
1045580
1044637
1045189
1047098
1043740
1054113
1047719
1045810
1048041
1052043
1043096
1045511
1042222
1045856
1048938
1052342
1041992
1045603
1044246
1047167
1054343
1049375
1052434
1044982
1046937
1048179
1048087
1054389
1048984
1045465
1043418
1053308
1049467
1047949
1046891
1049582
1047972
1045258
1049927
1051284
1044131
1051790
1052089
1052112
1044660
1052503
1049076
1043510
1053216
1054228
1054205
1046385
1049904
1046133
1042338
1043511
1041257
1052228
1043350
1045351
1044730
1053516
1042476
1042683
1048341
1044270
1042154
1044040
1047030
1045558
1041993
1042131
1043120
1048295
1045995
1047260
1050503
1042315
1046064
1045098
1049790
1048088
1042821
1044362
1054436
1051331
1044385
1046478
1044523
1046041
1046156
1044247
1048571
1051745
1046777
1043741
1049422
1047996
1049376
1053792
1044063
1052711
1053700
1041648
1048548
1052964
1049675
1053470
1041717
1053838
1050066
1048502
1042752
1048778
1044086
1050848
1051078
1044937
1041441
1044454
1051630
1051860
1052159
1042269
1049744
1054091
1054045
1054183
1054367
1049974
1042293
1046594
1048549
1043558
1052252
1045697
1052321
1052298
1054391
1043029
1048181
1048733
1043121
1046042
1044639
1041396
1050872
1047261
1045122
1045720
1053448
1046226
1045490
1044110
1042201
1045329
1049354
1053126
1053655
1045214
1050159
1042155
1054046
1049630
1045145
1046456
1053632
1049446
1049032
1043443
1054207
1048710
1050205
1050458
1042983
1041327
1051401
1051424
1051539
1051562
1051585
1047284
1051861
1052459
1043006
1052597
1052942
1053057
1053402
1045743
1042822
1054184
1054483
1041213
1051724
1042363
1047768
1045031
1047055
1051747
1044939
1043329
1047446
1047331
1042662
1047354
1042225
1044732
1042524
1048619
1042409
1041788
1048205
1045100
1049033
1041627
1043283
1046503
1053817
1046687
1048297
1046802
1048642
1051333
1053748
1042133
1043145
1048067
1051103
1044801
1046457
1043950
1044341
1046756
1042938
1045169
1041673
1043697
1041926
1046526
1048803
1053311
1048849
1047883
1049907
1045146
1042110
1050091
1049792
1050390
1050528
1042869
1042041
1051402
1051448
1052253
1052368
1052437
1052483
1048228
1046848
1052897
1053058
1044548
1045836
1053564
1047170
1053909
1049194
1054277
1054415
1054461
1046251
1044894
1043238
1043307
1047585
1041927
1041490
1040961
1042916
1046895
1043514
1042272
1052185
1041099
1046366
1045124
1049195
1047493
1044457
1048114
1043859
1044089
1044319
1043100
1044388
1049287
1045216
1045101
1041835
1044434
1044250
1049540
1042732
1047079
1048919
1053680
1052484
1049310
1042249
1047792
1050667
1049747
1046711
1045653
1052783
1042502
1053496
1041858
1048758
1050161
1049954
1051035
1050414
1050966
1049839
1050920
1045331
1046757
1051587
1051817
1051679
1052369
1053059
1053335
1053243
1053381
1052806
1047700
1053772
1053749
1053887
1053933
1053956
1046504
1042135
1042549
1043469
1043170
1044228
1043331
1041997
1043745
1042894
1045585
1042733
1042572
1042687
1043653
1041813
1044113
1049081
1043124
1046252
1050323
1042457
1048276
1042618
1046827
1048966
1045746
1046850
1051565
1045608
1047310
1047885
1049518
1046574
1047264
1042641
1044757
1047494
1054187
1051588
1048207
1047747
1054210
1044182
1051358
1049495
1050093
1047333
1047402
1046620
1050461
1051105
1051772
1052117
1052186
1046068
1052255
1052508
1049265
1049449
1052922
1053405
1053888
1054302
1054348
1048944
1044022
1040917
1049703
1045793
1046483
1041285
1042596
1041722
1047219
1047311
1045816
1042734
1051750
1045011
1042665
1043033
1045310
1045770
1044275
1048829
1045701
1048553
1045218
1043102
1044551
1045977
1044965
1046345
1045724
1053636
1044367
1043585
1052003
1043930
1049289
1048116
1050071
1043217
1046759
1045034
1051244
1047035
1051957
1047288
1051911
1046184
1052854
1043562
1049358
1048484
1043079
1044459
1050692
1048760
1040388
1046230
1049818
1048231
1049335
1046414
1042803
1050508
1051428
1051612
1052072
1048507
1052946
1048921
1053774
1054050
1054349
1048852
1054280
1054211
1054418
1041700
1047749
1045472
1052556
1047841
1043172
1047887
1042574
1052027
1050187
1044782
1042252
1046438
1044322
1041815
1048761
1045587
1042942
1053361
1053016
1045495
1046254
1046208
1048232
1044989
1049865
1045380
1043701
1051130
1047496
1051337
1045656
1046047
1047220
1052832
1049129
1046553
1054097
1043149
1044391
1054258
1049980
1053200
1049658
1049635
1050233
1050325
1045357
1050739
1051153
1043517
1041677
1051498
1041355
1051774
1051866
1043241
1051912
1051981
1052602
1047519
1053085
1053706
1053890
1048140
1053729
1053959
1054304
1054327
1054350
1054465
1051407
1044277
1042368
1047428
1041747
1049866
1043426
1042161
1042575
1048946
1052327
1052304
1045910
1048394
1049153
1043587
1043081
1045841
1045013
1042506
1048716
1041448
1044139
1048969
1052350
1044415
1051361
1048739
1047405
1042621
1042989
1047129
1050487
1046623
1050740
1048003
1042851
1049291
1049268
1052465
1048302
1050372
1049728
1048164
1048693
1049383
1047819
1050717
1047566
1042667
1050418
1050027
1046439
1050280
1047911
1051568
1051683
1051729
1051752
1051890
1045082
1045243
1043748
1043035
1052511
1052971
1053063
1053316
1053661
1047451
1045703
1054328
1054305
1041196
1043726
1041886
1053754
1043680
1042829
1041840
1052995
1042852
1043105
1046532
1044600
1041265
1047038
1041357
1042369
1047981
1045612
1048441
1045842
1043335
1047751
1045865
1048579
1043588
1045129
1044485
1046394
1041541
1049936
1045244
1041955
1045474
1045934
1051224
1045980
1052466
1052535
1042484
1043013
1053064
1043703
1047590
1050051
1047912
1046486
1051040
1045957
1048694
1049039
1049913
1048119
1049016
1047889
1050074
1050327
1047061
1050557
1051063
1051201
1047705
1051592
1044048
1051753
1051776
1051960
1052006
1052259
1052282
1042392
1045497
1053202
1044554
1054191
1054490
1048649
1041450
1048580
1051133
1041726
1044624
1049247
1043037
1045659
1042278
1049132
1042255
1052674
1050765
1045958
1046211
1043681
1046487
1041680
1041611
1045130
1047292
1043957
1041979
1044302
1045452
1042554
1046027
1051179
1043290
1044164
1049063
1042140
1046855
1042439
1049776
1050420
1048005
1048212
1050466
1047062
1048511
1054422
1054468
1049339
1049822
1048695
1047522
1050374
1050742
1050811
1051846
1052375
1047108
1053709
1047637
1053824
1053641
1043751
1046258
1049018
1043199
1046580
1042348
1041474
1048811
1046971
1044970
1044027
1053756
1045430
1042532
1044579
1050283
1041819
1041612
1041497
1044349
1051456
1046879
1044602
1047592
1046419
1044855
1041773
1044671
1050467
1044188
1047201
1041911
1043383
1048949
1049662
1046373
1051663
1042210
1047753
1051709
1046672
1043567
1046902
1050398
1043107
1048190
1047776
1044832
1043912
1043176
1054055
1051157
1043981
1048512
1048397
1042187
1044533
1048006
1053043
1049409
1043866
1047385
1050743
1050927
1051065
1051134
1051640
1042164
1052238
1052284
1053411
1053089
1053526
1053572
1053595
1048351
1053894
1049041
1042256
1048581
1051664
1046673
1043361
1042326
1048375
1043913
1045707
1046926
1049824
1053412
1041843
1051710
1042556
1053090
1047593
1045293
1045569
1048329
1044741
1046259
1045983
1043683
1049364
1047662
1048053
1045799
1047823
1046972
1043154
1048099
1047754
1047547
1050261
1047018
1044258
1050376
1042073
1043936
1048697
1043108
1045385
1048674
1054286
1049962
1053504
1054332
1054102
1050629
1050813
1050905
1052216
1052745
1044143
1046006
1048835
1053711
1053941
1054171
1054148
1044834
1050262
1045662
1043155
1041821
1047249
1044696
1044857
1044903
1051389
1048330
1050860
1045501
1049710
1041568
1051941
1051090
1045363
1042235
1042626
1046651
1042396
1044535
1047111
1043592
1047778
1045823
1046329
1043914
1046398
1046835
1042833
1043868
1044075
1046283
1052838
1047548
1047870
1052148
1046145
1052792
1050009
1049825
1041729
1049756
1043109
1048767
1053298
1050492
1050952
1050607
1049963
1050699
1050791
1050837
1051435
1051412
1051573
1051642
1043500
1052263
1052378
1052470
1052447
1052493
1046789
1053252
1054402
1042212
1045180
1041109
1046560
1045686
1044513
1053483
1041638
1042374
1042696
1042581
1043478
1042305
1046054
1041546
1051344
1048699
1044421
1045456
1042213
1044444
1044122
1042190
1042719
1040557
1041293
1046468
1050286
1044237
1043455
1050401
1047089
1045525
1046836
1046123
1046353
1053828
1052977
1053897
1043984
1050585
1044191
1047365
1044375
1052218
1048078
1044651
1047250
1051114
1049067
1052931
1048561
1051068
1048860
1049757
1044145
1048998
1052724
1049803
1049895
1050148
1051091
1051137
1049228
1051528
1051620
1051758
1051919
1043386
1044628
1052356
1052402
1046721
1052517
1052655
1052793
1052816
1053299
1053552
1053851
1041684
1054150
1054219
1054242
1054288
1054357
1049597
1042559
1052058
1042881
1042145
1041616
1045089
1047780
1047251
1044169
1044422
1047182
1046929
1046400
1046032
1054197
1042168
1041570
1043226
1044652
1048470
1047504
1053921
1046883
1046009
1046561
1046768
1047090
1042835
1041823
1046998
1044514
1047895
1045963
1044905
1046170
1050402
1049620
1043847
1046607
1049505
1053346
1049781
1049988
1050287
1051598
1052403
1044031
1046837
1048424
1053277
1053438
1053599
1053875
1053990
1054404
1054519
1051829
1041318
1042238
1048333
1042031
1041893
1041824
1044193
1043572
1047160
1048885
1045320
1044055
1043733
1046286
1048770
1046424
1041663
1045205
1050909
1050610
1044883
1043089
1047528
1040812
1042146
1047183
1046999
1046539
1048011
1051392
1052450
1049529
1046493
1047942
1042008
1048448
1047137
1044469
1042376
1052404
1046838
1050702
1049138
1042284
1047735
1049483
1049506
1046608
1053669
1042054
1054106
1042606
1049713
1049874
1049966
1042813
1050518
1051024
1050771
1051484
1051576
1052059
1052151
1046125
1052220
1047689
1053761
1041342
1042239
1043159
1042400
1053992
1046356
1046931
1052428
1048771
1042768
1041940
1046609
1046747
1046885
1044470
1052451
1041273
1053854
1043596
1042216
1043849
1041549
1043527
1047989
1046264
1048127
1041710
1048955
1043941
1045804
1048104
1045091
1044608
1042147
1044378
1046218
1041986
1046379
1046724
1041848
1042722
1050726
1042561
1048150
1050427
1053256
1048610
1054199
1049461
1042653
1050542
1050105
1050197
1050749
1050887
1045574
1051255
1051416
1051623
1051646
1051807
1044263
1052083
1052106
1052290
1053164
1053509
1053532
1048656
1054314
1044264
1048013
1050221
1046380
1042654
1046035
1041987
1043160
1049232
1049416
1053740
1044356
1045667
1051095
1046265
1047116
1046472
1043597
1049048
1045207
1045046
1041964
1044126
1046518
1045690
1046495
1043459
1042631
1042217
1046311
1047507
1045920
1042608
1045644
1047392
1052544
1047346
1045138
1046886
1041688
1048220
1047185
1048036
1045276
1045598
1046840
1048956
1048657
1042562
1053556
1044517
1052774
1054154
1050865
1053625
1053947
1048427
1049347
1048726
1040952
1047530
1054453
1050060
1050198
1047139
1049163
1047093
1049899
1050727
1050635
1048128
1051026
1051463
1051578
1051624
1051670
1051739
1052061
1052406
1052452
1053073
1053349
1053372
1044057
1043321
1048289
1053763
1054315
1041298
1047669
1041873
1046289
1042839
1046979
1042034
1045438
1042747
1042080
1044012
1049716
1042448
1043046
1041183
1043759
1045415
1044840
1044932
1041735
1053764
1043736
1043552
1043667
1045185
1043782
1048267
1045001
1041804
1048612
1046427
1046956
1050452
1045392
1047140
1049969
1048060
1051165
1049210
1048451
1044426
1049854
1049463
1053304
1053120
1044610
1050015
1047301
1050728
1043575
1049003
1050981
1051510
1047025
1051786
1052039
1052131
1052338
1052453
1053258
1046128
1053143
1053419
1053511
1053649
1053971
1054155
1053787
1042586
1054523
1042357
1047578
1042334
1041253
1053098
1047049
1040816
1047118
1043392
1044174
1043185
1045025
1042449
1049602
1042679
1051051
1043806
1042058
1041966
1048774
1043576
1047486
1044151
1048222
1050430
1054294
1045232
1044864
1051442
1044703
1045991
1052270
1047532
1044496
1047164
1046474
1043714
1042380
1045117
1048268
1042403
1050292
1043093
1051511
1046658
1048475
1053811
1047072
1050913
1044634
1048613
1049395
1048705
1043553
1047210
1052615
1052661
1052960
1052983
1049993
1048751
1050108
1046060
1048797
1050384
1050499
1046083
1046198
1050706
1051327
1051603
1051649
1051902
1051764
1053236
1053420
1053742
1053788
1048728
1045969
1044037
1048108
1047142
1043002
1050983
1045762
1041001
1043600
1042979
1044474
1044520
1045141
1044980
1053904
1044221
1045647
1043968
1043853
1050615
1044497
1051098
1047372
1046383
1045095
1051052
1048039
1054364
1048016
1050661
1051558
1043554
1053398
1046774
1050201
1043577
1048453
1049672
1047625
1049396
1049810
1045992
1047096
1041277
1043784
1050270
1046958
1051144
1050523
1050569
1048522
1050730
1051282
1051029
1047050
1046590
1051443
1042358
1051673
1051696
1051949
1052317
1052478
1052501
1052708
1049304
1053513
1054249
1049879
1041646
1043555
1049811
1045671
1042382
1043923
1042520
1044084
1043509
1051490
1048086
1042842
1041117
1048822
1041600
1043739
1042658
1041853
1043118
1051329
1044797
1045257
1044613
1046545
1044222
1044245
1047741
1050524
1044544
1043026
1046085
1044935
1041761
1046039
1044291
1044981
1048454
1044751
1046522
1053790
1047994
1046729
1041324
1042198
1041945
1048638
1048707
1043187
1051812
1045510
1046959
1046200
1054204
1048730
1045326
1043900
1044314
1051053
1049259
1049374
1050547
1049995
1050317
1050363
1050938
1042175
1051099
1051283
1051398
1045924
1051835
1052111
1052157
1052180
1052479
1043210
1053215
1053261
1053307
1047350
1053399
1045418
1053928
1054158
1046890
1054365
1049926
1054480
